ans =

   476   104   215   222
   353   154    93    94
   159   125    68    94
   255   132    41    42
   311   139    36    36


ans =

   152    41   149   240
   222   236   152   139
   574   258   141   123
   491   168   116   144
   217   178   133   105


ans =

   290   111   354   256


ans =

   424   138   239   201


ans =

    27    61   199   293
   268    52   230   312
   583    67   119   166
   157    38   120   180


ans =

    35    88   195   299
   186   144   191   221
   345   159   164   190
   474   123   183   231
   190     8   295   197


ans =

   308   114   129   111
    42   191   224   177
   485   172   118   112
   627   198    90   163
   166   173   163   107


ans =

   247   117   238   247
    79    25   185   208
   507    60   180   178


ans =

   131   161   124    90
   319   194   128    96
   430   243   217   132
   541   151    73    57
   409   137    68    66
   321   143    59    54
     5   160    87    87
   558   215   150    94
   655   166    61    70


ans =

   86  448  168  134
  758  474  217  228
   65  224   96  100
  152  206   55   93
  194  187   63   98
  268  196   44   69
  556  248   91  114
  341  183   58   70
  301  179   30   61
  570  222   87   72
  585  199   46   49


ans =

   251    64   174   163
    29    80   221   264
   533    76   174   274
   464   116   123   180


ans =

    88    25   215   188


ans =

    26    24   241   184
   218    46   402   292


ans =

     8   233   145   158
    90   205   131   184
   123   180   168   174
   454   220   198   169
   425   193   136   166
   507    77   155   240


ans =

   406    59   259   237
   304    54   154   223
   177    54   162   182
    79    81   122   143


ans =

   168   161   203   196
   469   172   226   217
   210    75   123   130
   500    61   162   164
    54    34   129   119
   359    43   100    86
   491    29    82    93
   233    25    73    63
   321    25    66    71


ans =

   327   187   228   166
   156   211   117   106
    41   198   106    85
   247   181    77    73
   516   171   118   112


ans =

   277   242   182   134
    39   183   172   161
   171   133   106   100
   315   149   122   137
   383   113    82    91
   520   124    82    94
   547   186   160   142


ans =

    30    25   247   266
   300    56   209   246
   544    88   164   198


ans =

   317   176   153   168


ans =

   218    88   207   259
    16    73   167   187
   387   101   179   155


ans =

   242   103   150   197
   366    17   144   187
   448   109   170   226
    42   139   195   216


ans =

   186    65   409   300


ans =

   208    82   238   298


ans =

    59    46   535   325


ans =

    62    40   570   333


ans =

    62    65   572   286


ans =

    91    26   535   366


ans =

    63    59   581   325


ans =

    47    89   505   292


ans =

    80    20   530   369


ans =

    70    30   594   350


ans =

    50    38   600   353


ans =

    78    31   569   350


ans =

    49    30   616   350


ans =

    69    38   572   353


ans =

    47    27   596   357


ans =

    94    31   544   355


ans =

    54    30   598   346


ans =

   112    21   534   364


ans =

    65    35   553   327


ans =

    75    38   543   343


ans =

    63    62   601   321


ans =

    57    51   274   323
   413    47   229   307
   292    78   140   170


ans =

   266   151   149   223
   380   173    90   132
   522   178    78   111


ans =

   333   163   123   194
   274   161    74   118
   202   168    64    90
    83   201   122   135
    33   186    71    87
   183   159    40    50


ans =

   136   139    86   219
   229   133    89   237
   329   128    89   231
   406   138    91   222
   504   125    91   243
   184    91    80    81
   281    89    55    91
   364    85    63    85
   466    80    67    95


ans =

   100   162    74   167
   207   167    51   127
    34   169    54    95
   511   213    56   107
   464   215    53    63
   409   200    31    51
   609   212    64    84
   563   201    50    66
   451   197    35    47
   362   184    51    53


ans =

   135   197   133   155
   283   182   115   163
    56   144   112   116
   207   140   108   115
   337   144   100    95
   488   146    91    90
   430   245   165   123
   320    62    78    63
   435    80    63    64
   524    86    65    60
   221    43    74    71
    89    91    93    79
     4    70    53    91


ans =

   297    77   128   243
    72    83   122   180
   459    74   108   178


ans =

   171   255   146   126
   426   253   176   146
    91   238   120   139
   313   239    92   109


ans =

    67   183   156   182
   172   149   122   122
   557   201   137   177
   467   189   107   100
   255   125   106   121
   485   146    95    66
   338   109    54    60
     9   125    98   121


ans =

   187   175    85   133
   304   193    97   119
   524   188    94   122
   398   178    63    65
   584   233   126   122
    38   189   103    99


ans =

   268   188   109   116
   119   217   118   102
    70   193    66    95


ans =

   522   218    83   152
   312   188    74   106
   570   172    76   111
   273   155    48    58
   137   170    73    61
   195   180    84    98


ans =

   183   113   174   162
   345   101    78   117


ans =

   181    83   169   155
   363    99   183   247


ans =

    34   195   170   164
   165   211   132   146
   188   101   158   154
   298   109   177   187
   411   213   141   165
   533   221   175   164


ans =

    33    48   164   236
   168   195   155   175
   279    49   168   232
   354   191   134   178


ans =

   200   191   153   103
   366   212    80    81
   506   217   142   152
   604   192    93   112
   117   191    85   105
    44   180    82    61


ans =

   454   215   151   113
   609   171    84    98
   550   168    75    55
   509   143    64    57


ans =

   184   186   171   202
   357   109   195   284


ans =

   279   115   339   250


ans =

   300   163   166   163
   579   162    76    90
   308   125    90    97


ans =

   108    13   397   342


ans =

    65    96   318   273


ans =

   199    20   302   328


ans =

   270   139   175   213
    20    54   120   208


ans =

   250   111   116   188
   121   138    75    88
   168    75    53    67
   350    50    45    31
   275    64    69    58
   496   120    52   105
   553    99    59   108
   390    86    59    80
   488    75    45    40
   452    45    41    40
   405    40    30    29
   535   279   132   122


ans =

   116   154   234   170
   491   149   200   182
   403   135    90    89


ans =

   382   164    92   223


ans =

   303   172   172   140
   138   122   116   122
   299   112   107   113
   602   109   115   140
     4   103    70    85
   433    91   105    89


ans =

   191    80   150   263


ans =

   207   273   138   105
   438   262    82   104
   395   191    70   103
   578   272    84   108
   562   204    79    83
   550   164    71    61
   399    85    55    77
    24   272    85   103
    77   159    66    59
   112   201    43    83
   112    88    78    77
   525    93    87    68
   290    24    60    67
   175    25    54    67
    38    29    53    64
   631    23    63    78
   508    60    59    44
   512    23    58    44
   396    51    53    45
   411    26    59    49


ans =

   337   108   166   255
     5   134   163   181
   247   143   102   141
   570   109   135   179


ans =

    14   139   162   180
   326   187   218   184


ans =

    91   252   147   119
   203   229    87   137
   432   222    91   135
   600   233    76    86


ans =

   537   138   152   176
   221   128   119   175
   363   121    97   135
    46   133    82   106
   147   125    45    55
   478   119    50    60


ans =

   101   208   120   153
   290   221   136   169
   303   183    67    82
   403   172    80    79


